{"nbformat_minor": 1, "cells": [{"source": "# Predicting English Premier League Matches", "cell_type": "markdown", "metadata": {"collapsed": true}}, {"source": "By: Yi Xuan Sim", "cell_type": "markdown", "metadata": {}}, {"source": "## Initial Data Exploration", "cell_type": "markdown", "metadata": {}}, {"source": "Firstly, we will import the 2018/2019 season English Premier League data as a pandas dataframe to obtain a sense of the underlying data structure. \n\nData Source: http://www.football-data.co.uk/englandm.php", "cell_type": "markdown", "metadata": {}}, {"execution_count": 1, "cell_type": "code", "metadata": {}, "outputs": [], "source": "# The code was removed by Watson Studio for sharing."}, {"execution_count": 2, "cell_type": "code", "metadata": {}, "outputs": [], "source": "#Read the data and parse date in the correct format\ndateCols = ['Date']\ndf_data_1 = pd.read_csv(body, parse_dates=dateCols)"}, {"source": "We inspect the first few rows of data to see the underlying structure of the data. ", "cell_type": "markdown", "metadata": {}}, {"execution_count": 3, "cell_type": "code", "metadata": {}, "outputs": [{"execution_count": 3, "metadata": {}, "data": {"text/html": "<div>\n<style scoped>\n    .dataframe tbody tr th:only-of-type {\n        vertical-align: middle;\n    }\n\n    .dataframe tbody tr th {\n        vertical-align: top;\n    }\n\n    .dataframe thead th {\n        text-align: right;\n    }\n</style>\n<table border=\"1\" class=\"dataframe\">\n  <thead>\n    <tr style=\"text-align: right;\">\n      <th></th>\n      <th>Div</th>\n      <th>Date</th>\n      <th>HomeTeam</th>\n      <th>AwayTeam</th>\n      <th>FTHG</th>\n      <th>FTAG</th>\n      <th>FTR</th>\n      <th>HTHG</th>\n      <th>HTAG</th>\n      <th>HTR</th>\n      <th>...</th>\n      <th>BbAv&lt;2.5</th>\n      <th>BbAH</th>\n      <th>BbAHh</th>\n      <th>BbMxAHH</th>\n      <th>BbAvAHH</th>\n      <th>BbMxAHA</th>\n      <th>BbAvAHA</th>\n      <th>PSCH</th>\n      <th>PSCD</th>\n      <th>PSCA</th>\n    </tr>\n  </thead>\n  <tbody>\n    <tr>\n      <th>0</th>\n      <td>E0</td>\n      <td>2018-10-08</td>\n      <td>Man United</td>\n      <td>Leicester</td>\n      <td>2</td>\n      <td>1</td>\n      <td>H</td>\n      <td>1</td>\n      <td>0</td>\n      <td>H</td>\n      <td>...</td>\n      <td>1.79</td>\n      <td>17</td>\n      <td>-0.75</td>\n      <td>1.75</td>\n      <td>1.70</td>\n      <td>2.29</td>\n      <td>2.21</td>\n      <td>1.55</td>\n      <td>4.07</td>\n      <td>7.69</td>\n    </tr>\n    <tr>\n      <th>1</th>\n      <td>E0</td>\n      <td>2018-11-08</td>\n      <td>Bournemouth</td>\n      <td>Cardiff</td>\n      <td>2</td>\n      <td>0</td>\n      <td>H</td>\n      <td>1</td>\n      <td>0</td>\n      <td>H</td>\n      <td>...</td>\n      <td>1.83</td>\n      <td>20</td>\n      <td>-0.75</td>\n      <td>2.20</td>\n      <td>2.13</td>\n      <td>1.80</td>\n      <td>1.75</td>\n      <td>1.88</td>\n      <td>3.61</td>\n      <td>4.70</td>\n    </tr>\n    <tr>\n      <th>2</th>\n      <td>E0</td>\n      <td>2018-11-08</td>\n      <td>Fulham</td>\n      <td>Crystal Palace</td>\n      <td>0</td>\n      <td>2</td>\n      <td>A</td>\n      <td>0</td>\n      <td>1</td>\n      <td>A</td>\n      <td>...</td>\n      <td>1.87</td>\n      <td>22</td>\n      <td>-0.25</td>\n      <td>2.18</td>\n      <td>2.11</td>\n      <td>1.81</td>\n      <td>1.77</td>\n      <td>2.62</td>\n      <td>3.38</td>\n      <td>2.90</td>\n    </tr>\n    <tr>\n      <th>3</th>\n      <td>E0</td>\n      <td>2018-11-08</td>\n      <td>Huddersfield</td>\n      <td>Chelsea</td>\n      <td>0</td>\n      <td>3</td>\n      <td>A</td>\n      <td>0</td>\n      <td>2</td>\n      <td>A</td>\n      <td>...</td>\n      <td>1.84</td>\n      <td>23</td>\n      <td>1.00</td>\n      <td>1.84</td>\n      <td>1.80</td>\n      <td>2.13</td>\n      <td>2.06</td>\n      <td>7.24</td>\n      <td>3.95</td>\n      <td>1.58</td>\n    </tr>\n    <tr>\n      <th>4</th>\n      <td>E0</td>\n      <td>2018-11-08</td>\n      <td>Newcastle</td>\n      <td>Tottenham</td>\n      <td>1</td>\n      <td>2</td>\n      <td>A</td>\n      <td>1</td>\n      <td>2</td>\n      <td>A</td>\n      <td>...</td>\n      <td>1.81</td>\n      <td>20</td>\n      <td>0.25</td>\n      <td>2.20</td>\n      <td>2.12</td>\n      <td>1.80</td>\n      <td>1.76</td>\n      <td>4.74</td>\n      <td>3.53</td>\n      <td>1.89</td>\n    </tr>\n  </tbody>\n</table>\n<p>5 rows \u00d7 62 columns</p>\n</div>", "text/plain": "  Div       Date      HomeTeam        AwayTeam  FTHG  FTAG FTR  HTHG  HTAG  \\\n0  E0 2018-10-08    Man United       Leicester     2     1   H     1     0   \n1  E0 2018-11-08   Bournemouth         Cardiff     2     0   H     1     0   \n2  E0 2018-11-08        Fulham  Crystal Palace     0     2   A     0     1   \n3  E0 2018-11-08  Huddersfield         Chelsea     0     3   A     0     2   \n4  E0 2018-11-08     Newcastle       Tottenham     1     2   A     1     2   \n\n  HTR  ...  BbAv<2.5  BbAH  BbAHh  BbMxAHH  BbAvAHH  BbMxAHA  BbAvAHA  PSCH  \\\n0   H  ...      1.79    17  -0.75     1.75     1.70     2.29     2.21  1.55   \n1   H  ...      1.83    20  -0.75     2.20     2.13     1.80     1.75  1.88   \n2   A  ...      1.87    22  -0.25     2.18     2.11     1.81     1.77  2.62   \n3   A  ...      1.84    23   1.00     1.84     1.80     2.13     2.06  7.24   \n4   A  ...      1.81    20   0.25     2.20     2.12     1.80     1.76  4.74   \n\n   PSCD  PSCA  \n0  4.07  7.69  \n1  3.61  4.70  \n2  3.38  2.90  \n3  3.95  1.58  \n4  3.53  1.89  \n\n[5 rows x 62 columns]"}, "output_type": "execute_result"}], "source": "df_data_1.head()"}, {"source": "We can see that there are 62 columns. The column we are trying to predict is 'FTR' (Full Time Result). The column has 3 labels, where: <br/>\n'H' denotes a win by the home team <br/>\n'A' denotes a win by the away team <br/>\n'D' denotes a draw <br/>\n\nThis is a supervised machine learning problem. The rest of the columns are given as: <br/>\nDiv = League Division <br/>\nDate = Match Date (dd/mm/yy) <br/>\nHomeTeam = Home Team <br/>\nAwayTeam = Away Team <br/>\nFTHG and HG = Full Time Home Team Goals <br/>\nFTAG and AG = Full Time Away Team Goals <br/>\nHTHG = Half Time Home Team Goals <br/>\nHTAG = Half Time Away Team Goals <br/>\nHTR = Half Time Result (H=Home Win, D=Draw, A=Away Win) <br/>\n\nMatch Statistics (where available) <br/>\nAttendance = Crowd Attendance <br/>\nReferee = Match Referee <br/>\nHS = Home Team Shots <br/>\nAS = Away Team Shots <br/>\nHST = Home Team Shots on Target <br/>\nAST = Away Team Shots on Target <br/>\nHC = Home Team Corners <br/>\nAC = Away Team Corners <br/>\nHF = Home Team Fouls Committed <br/>\nAF = Away Team Fouls Committed <br/>\nHY = Home Team Yellow Cards <br/>\nAY = Away Team Yellow Cards <br/>\nHR = Home Team Red Cards <br/>\nAR = Away Team Red Cards <br/>\n\nThe rest of the columns are simply betting odds taken from different betting agencies, which will be ignored. ", "cell_type": "markdown", "metadata": {}}, {"source": "## Identifying Relevant Features", "cell_type": "markdown", "metadata": {}}, {"source": "The dataset contains numerous features, however, not all of them are relevant. To identify relevant features, we want to plot a correlation matrix to identify the columns with the highest correlation with FTR (Full Time Result). However, the Full Time Result has categorical labels, so we need to convert it to integer labels. We can do so using label encoding. ", "cell_type": "markdown", "metadata": {}}, {"source": "Firstly, we create a new dataframe with columns containing the match statistics. Columns with betting odds are ignored.", "cell_type": "markdown", "metadata": {}}, {"execution_count": 4, "cell_type": "code", "metadata": {}, "outputs": [], "source": "df_data_2 = df_data_1[['Date','HomeTeam','AwayTeam','FTHG','FTAG','FTR','HTHG','HTAG','HTR','HS','AS','HST','AST','HC','AC','HF','AF','HY','AY','HR','AR']]\n"}, {"execution_count": 5, "cell_type": "code", "metadata": {}, "outputs": [{"output_type": "stream", "name": "stderr", "text": "/usr/local/src/conda3_runtime/home/envs/DSX-Python35-Spark/lib/python3.5/site-packages/ipykernel/__main__.py:9: SettingWithCopyWarning: \nA value is trying to be set on a copy of a slice from a DataFrame.\nTry using .loc[row_indexer,col_indexer] = value instead\n\nSee the caveats in the documentation: http://pandas.pydata.org/pandas-docs/stable/indexing.html#indexing-view-versus-copy\n/usr/local/src/conda3_runtime/home/envs/DSX-Python35-Spark/lib/python3.5/site-packages/ipykernel/__main__.py:10: SettingWithCopyWarning: \nA value is trying to be set on a copy of a slice from a DataFrame.\nTry using .loc[row_indexer,col_indexer] = value instead\n\nSee the caveats in the documentation: http://pandas.pydata.org/pandas-docs/stable/indexing.html#indexing-view-versus-copy\n"}, {"execution_count": 5, "metadata": {}, "data": {"text/html": "<div>\n<style scoped>\n    .dataframe tbody tr th:only-of-type {\n        vertical-align: middle;\n    }\n\n    .dataframe tbody tr th {\n        vertical-align: top;\n    }\n\n    .dataframe thead th {\n        text-align: right;\n    }\n</style>\n<table border=\"1\" class=\"dataframe\">\n  <thead>\n    <tr style=\"text-align: right;\">\n      <th></th>\n      <th>Date</th>\n      <th>HomeTeam</th>\n      <th>AwayTeam</th>\n      <th>FTHG</th>\n      <th>FTAG</th>\n      <th>FTR</th>\n      <th>HTHG</th>\n      <th>HTAG</th>\n      <th>HTR</th>\n      <th>HS</th>\n      <th>...</th>\n      <th>HC</th>\n      <th>AC</th>\n      <th>HF</th>\n      <th>AF</th>\n      <th>HY</th>\n      <th>AY</th>\n      <th>HR</th>\n      <th>AR</th>\n      <th>FT_encoded</th>\n      <th>HT_encoded</th>\n    </tr>\n  </thead>\n  <tbody>\n    <tr>\n      <th>0</th>\n      <td>2018-10-08</td>\n      <td>Man United</td>\n      <td>Leicester</td>\n      <td>2</td>\n      <td>1</td>\n      <td>H</td>\n      <td>1</td>\n      <td>0</td>\n      <td>H</td>\n      <td>8</td>\n      <td>...</td>\n      <td>2</td>\n      <td>5</td>\n      <td>11</td>\n      <td>8</td>\n      <td>2</td>\n      <td>1</td>\n      <td>0</td>\n      <td>0</td>\n      <td>2</td>\n      <td>2</td>\n    </tr>\n    <tr>\n      <th>1</th>\n      <td>2018-11-08</td>\n      <td>Bournemouth</td>\n      <td>Cardiff</td>\n      <td>2</td>\n      <td>0</td>\n      <td>H</td>\n      <td>1</td>\n      <td>0</td>\n      <td>H</td>\n      <td>12</td>\n      <td>...</td>\n      <td>7</td>\n      <td>4</td>\n      <td>11</td>\n      <td>9</td>\n      <td>1</td>\n      <td>1</td>\n      <td>0</td>\n      <td>0</td>\n      <td>2</td>\n      <td>2</td>\n    </tr>\n    <tr>\n      <th>2</th>\n      <td>2018-11-08</td>\n      <td>Fulham</td>\n      <td>Crystal Palace</td>\n      <td>0</td>\n      <td>2</td>\n      <td>A</td>\n      <td>0</td>\n      <td>1</td>\n      <td>A</td>\n      <td>15</td>\n      <td>...</td>\n      <td>5</td>\n      <td>5</td>\n      <td>9</td>\n      <td>11</td>\n      <td>1</td>\n      <td>2</td>\n      <td>0</td>\n      <td>0</td>\n      <td>0</td>\n      <td>0</td>\n    </tr>\n    <tr>\n      <th>3</th>\n      <td>2018-11-08</td>\n      <td>Huddersfield</td>\n      <td>Chelsea</td>\n      <td>0</td>\n      <td>3</td>\n      <td>A</td>\n      <td>0</td>\n      <td>2</td>\n      <td>A</td>\n      <td>6</td>\n      <td>...</td>\n      <td>2</td>\n      <td>5</td>\n      <td>9</td>\n      <td>8</td>\n      <td>2</td>\n      <td>1</td>\n      <td>0</td>\n      <td>0</td>\n      <td>0</td>\n      <td>0</td>\n    </tr>\n    <tr>\n      <th>4</th>\n      <td>2018-11-08</td>\n      <td>Newcastle</td>\n      <td>Tottenham</td>\n      <td>1</td>\n      <td>2</td>\n      <td>A</td>\n      <td>1</td>\n      <td>2</td>\n      <td>A</td>\n      <td>15</td>\n      <td>...</td>\n      <td>3</td>\n      <td>5</td>\n      <td>11</td>\n      <td>12</td>\n      <td>2</td>\n      <td>2</td>\n      <td>0</td>\n      <td>0</td>\n      <td>0</td>\n      <td>0</td>\n    </tr>\n    <tr>\n      <th>5</th>\n      <td>2018-11-08</td>\n      <td>Watford</td>\n      <td>Brighton</td>\n      <td>2</td>\n      <td>0</td>\n      <td>H</td>\n      <td>1</td>\n      <td>0</td>\n      <td>H</td>\n      <td>19</td>\n      <td>...</td>\n      <td>8</td>\n      <td>2</td>\n      <td>10</td>\n      <td>16</td>\n      <td>2</td>\n      <td>2</td>\n      <td>0</td>\n      <td>0</td>\n      <td>2</td>\n      <td>2</td>\n    </tr>\n    <tr>\n      <th>6</th>\n      <td>2018-11-08</td>\n      <td>Wolves</td>\n      <td>Everton</td>\n      <td>2</td>\n      <td>2</td>\n      <td>D</td>\n      <td>1</td>\n      <td>1</td>\n      <td>D</td>\n      <td>11</td>\n      <td>...</td>\n      <td>3</td>\n      <td>6</td>\n      <td>8</td>\n      <td>7</td>\n      <td>0</td>\n      <td>1</td>\n      <td>0</td>\n      <td>1</td>\n      <td>1</td>\n      <td>1</td>\n    </tr>\n    <tr>\n      <th>7</th>\n      <td>2018-12-08</td>\n      <td>Arsenal</td>\n      <td>Man City</td>\n      <td>0</td>\n      <td>2</td>\n      <td>A</td>\n      <td>0</td>\n      <td>1</td>\n      <td>A</td>\n      <td>9</td>\n      <td>...</td>\n      <td>2</td>\n      <td>9</td>\n      <td>11</td>\n      <td>14</td>\n      <td>2</td>\n      <td>2</td>\n      <td>0</td>\n      <td>0</td>\n      <td>0</td>\n      <td>0</td>\n    </tr>\n    <tr>\n      <th>8</th>\n      <td>2018-12-08</td>\n      <td>Liverpool</td>\n      <td>West Ham</td>\n      <td>4</td>\n      <td>0</td>\n      <td>H</td>\n      <td>2</td>\n      <td>0</td>\n      <td>H</td>\n      <td>18</td>\n      <td>...</td>\n      <td>5</td>\n      <td>4</td>\n      <td>14</td>\n      <td>9</td>\n      <td>1</td>\n      <td>2</td>\n      <td>0</td>\n      <td>0</td>\n      <td>2</td>\n      <td>2</td>\n    </tr>\n    <tr>\n      <th>9</th>\n      <td>2018-12-08</td>\n      <td>Southampton</td>\n      <td>Burnley</td>\n      <td>0</td>\n      <td>0</td>\n      <td>D</td>\n      <td>0</td>\n      <td>0</td>\n      <td>D</td>\n      <td>18</td>\n      <td>...</td>\n      <td>8</td>\n      <td>5</td>\n      <td>10</td>\n      <td>9</td>\n      <td>0</td>\n      <td>1</td>\n      <td>0</td>\n      <td>0</td>\n      <td>1</td>\n      <td>1</td>\n    </tr>\n  </tbody>\n</table>\n<p>10 rows \u00d7 23 columns</p>\n</div>", "text/plain": "        Date      HomeTeam        AwayTeam  FTHG  FTAG FTR  HTHG  HTAG HTR  \\\n0 2018-10-08    Man United       Leicester     2     1   H     1     0   H   \n1 2018-11-08   Bournemouth         Cardiff     2     0   H     1     0   H   \n2 2018-11-08        Fulham  Crystal Palace     0     2   A     0     1   A   \n3 2018-11-08  Huddersfield         Chelsea     0     3   A     0     2   A   \n4 2018-11-08     Newcastle       Tottenham     1     2   A     1     2   A   \n5 2018-11-08       Watford        Brighton     2     0   H     1     0   H   \n6 2018-11-08        Wolves         Everton     2     2   D     1     1   D   \n7 2018-12-08       Arsenal        Man City     0     2   A     0     1   A   \n8 2018-12-08     Liverpool        West Ham     4     0   H     2     0   H   \n9 2018-12-08   Southampton         Burnley     0     0   D     0     0   D   \n\n   HS     ...      HC  AC  HF  AF  HY  AY  HR  AR  FT_encoded  HT_encoded  \n0   8     ...       2   5  11   8   2   1   0   0           2           2  \n1  12     ...       7   4  11   9   1   1   0   0           2           2  \n2  15     ...       5   5   9  11   1   2   0   0           0           0  \n3   6     ...       2   5   9   8   2   1   0   0           0           0  \n4  15     ...       3   5  11  12   2   2   0   0           0           0  \n5  19     ...       8   2  10  16   2   2   0   0           2           2  \n6  11     ...       3   6   8   7   0   1   0   1           1           1  \n7   9     ...       2   9  11  14   2   2   0   0           0           0  \n8  18     ...       5   4  14   9   1   2   0   0           2           2  \n9  18     ...       8   5  10   9   0   1   0   0           1           1  \n\n[10 rows x 23 columns]"}, "output_type": "execute_result"}], "source": "from sklearn.preprocessing import LabelEncoder\nfull_time = df_data_2['FTR']\nhalf_time = df_data_2['HTR']\n\n# integer encode\nlabel_encoder = LabelEncoder()\nFT_encoded = label_encoder.fit_transform(full_time)\nHT_encoded = label_encoder.fit_transform(half_time)\ndf_data_2['FT_encoded'] = FT_encoded\ndf_data_2['HT_encoded'] = HT_encoded\ndf_data_2.head(10)"}, {"source": "The encoding is as follows: <br/>\nWin by away team = 0 <br/>\nDraw = 1 <br/>\nWin by home team = 2 <br/>", "cell_type": "markdown", "metadata": {}}, {"source": "#### Plotting Correlation Matrix", "cell_type": "markdown", "metadata": {}}, {"execution_count": 6, "cell_type": "code", "metadata": {}, "outputs": [{"execution_count": 6, "metadata": {}, "data": {"text/html": "<div>\n<style scoped>\n    .dataframe tbody tr th:only-of-type {\n        vertical-align: middle;\n    }\n\n    .dataframe tbody tr th {\n        vertical-align: top;\n    }\n\n    .dataframe thead th {\n        text-align: right;\n    }\n</style>\n<table border=\"1\" class=\"dataframe\">\n  <thead>\n    <tr style=\"text-align: right;\">\n      <th></th>\n      <th>FTHG</th>\n      <th>FTAG</th>\n      <th>HTHG</th>\n      <th>HTAG</th>\n      <th>HS</th>\n      <th>AS</th>\n      <th>HST</th>\n      <th>AST</th>\n      <th>HC</th>\n      <th>AC</th>\n      <th>HF</th>\n      <th>AF</th>\n      <th>HY</th>\n      <th>AY</th>\n      <th>HR</th>\n      <th>AR</th>\n      <th>FT_encoded</th>\n      <th>HT_encoded</th>\n    </tr>\n  </thead>\n  <tbody>\n    <tr>\n      <th>FTHG</th>\n      <td>1.000000</td>\n      <td>-0.167997</td>\n      <td>0.739448</td>\n      <td>-0.056106</td>\n      <td>0.318988</td>\n      <td>-0.191386</td>\n      <td>0.629432</td>\n      <td>-0.205383</td>\n      <td>0.036251</td>\n      <td>-0.168767</td>\n      <td>-0.013768</td>\n      <td>-0.026539</td>\n      <td>-0.132962</td>\n      <td>0.020738</td>\n      <td>-0.060999</td>\n      <td>0.041527</td>\n      <td>0.703611</td>\n      <td>0.535038</td>\n    </tr>\n    <tr>\n      <th>FTAG</th>\n      <td>-0.167997</td>\n      <td>1.000000</td>\n      <td>-0.064970</td>\n      <td>0.693411</td>\n      <td>-0.187031</td>\n      <td>0.281652</td>\n      <td>-0.128492</td>\n      <td>0.529567</td>\n      <td>-0.183598</td>\n      <td>0.031170</td>\n      <td>0.073180</td>\n      <td>-0.042929</td>\n      <td>0.098773</td>\n      <td>0.052354</td>\n      <td>0.121406</td>\n      <td>-0.008788</td>\n      <td>-0.629343</td>\n      <td>-0.492502</td>\n    </tr>\n    <tr>\n      <th>HTHG</th>\n      <td>0.739448</td>\n      <td>-0.064970</td>\n      <td>1.000000</td>\n      <td>0.040572</td>\n      <td>0.170286</td>\n      <td>-0.040958</td>\n      <td>0.421070</td>\n      <td>-0.094557</td>\n      <td>-0.155622</td>\n      <td>-0.031510</td>\n      <td>-0.034619</td>\n      <td>0.049099</td>\n      <td>-0.063564</td>\n      <td>0.050446</td>\n      <td>0.062311</td>\n      <td>0.073454</td>\n      <td>0.474845</td>\n      <td>0.624791</td>\n    </tr>\n    <tr>\n      <th>HTAG</th>\n      <td>-0.056106</td>\n      <td>0.693411</td>\n      <td>0.040572</td>\n      <td>1.000000</td>\n      <td>-0.059918</td>\n      <td>0.147600</td>\n      <td>-0.046595</td>\n      <td>0.340307</td>\n      <td>-0.098169</td>\n      <td>-0.014921</td>\n      <td>0.075451</td>\n      <td>-0.005169</td>\n      <td>0.074249</td>\n      <td>0.100570</td>\n      <td>0.098608</td>\n      <td>0.008354</td>\n      <td>-0.396468</td>\n      <td>-0.633326</td>\n    </tr>\n    <tr>\n      <th>HS</th>\n      <td>0.318988</td>\n      <td>-0.187031</td>\n      <td>0.170286</td>\n      <td>-0.059918</td>\n      <td>1.000000</td>\n      <td>-0.458778</td>\n      <td>0.675895</td>\n      <td>-0.312503</td>\n      <td>0.559914</td>\n      <td>-0.429854</td>\n      <td>-0.141764</td>\n      <td>0.120665</td>\n      <td>-0.207727</td>\n      <td>0.121007</td>\n      <td>-0.201003</td>\n      <td>-0.008490</td>\n      <td>0.283275</td>\n      <td>0.164673</td>\n    </tr>\n    <tr>\n      <th>AS</th>\n      <td>-0.191386</td>\n      <td>0.281652</td>\n      <td>-0.040958</td>\n      <td>0.147600</td>\n      <td>-0.458778</td>\n      <td>1.000000</td>\n      <td>-0.248500</td>\n      <td>0.625478</td>\n      <td>-0.407822</td>\n      <td>0.527095</td>\n      <td>0.166783</td>\n      <td>-0.120421</td>\n      <td>0.219603</td>\n      <td>-0.066762</td>\n      <td>0.112489</td>\n      <td>-0.023679</td>\n      <td>-0.248715</td>\n      <td>-0.156163</td>\n    </tr>\n    <tr>\n      <th>HST</th>\n      <td>0.629432</td>\n      <td>-0.128492</td>\n      <td>0.421070</td>\n      <td>-0.046595</td>\n      <td>0.675895</td>\n      <td>-0.248500</td>\n      <td>1.000000</td>\n      <td>-0.175144</td>\n      <td>0.301347</td>\n      <td>-0.285751</td>\n      <td>-0.116521</td>\n      <td>-0.005255</td>\n      <td>-0.187820</td>\n      <td>0.008468</td>\n      <td>-0.173722</td>\n      <td>-0.031532</td>\n      <td>0.441531</td>\n      <td>0.345748</td>\n    </tr>\n    <tr>\n      <th>AST</th>\n      <td>-0.205383</td>\n      <td>0.529567</td>\n      <td>-0.094557</td>\n      <td>0.340307</td>\n      <td>-0.312503</td>\n      <td>0.625478</td>\n      <td>-0.175144</td>\n      <td>1.000000</td>\n      <td>-0.284909</td>\n      <td>0.302527</td>\n      <td>0.110245</td>\n      <td>0.008228</td>\n      <td>0.136813</td>\n      <td>-0.036625</td>\n      <td>0.144365</td>\n      <td>0.121537</td>\n      <td>-0.431561</td>\n      <td>-0.318183</td>\n    </tr>\n    <tr>\n      <th>HC</th>\n      <td>0.036251</td>\n      <td>-0.183598</td>\n      <td>-0.155622</td>\n      <td>-0.098169</td>\n      <td>0.559914</td>\n      <td>-0.407822</td>\n      <td>0.301347</td>\n      <td>-0.284909</td>\n      <td>1.000000</td>\n      <td>-0.339264</td>\n      <td>-0.051371</td>\n      <td>0.072326</td>\n      <td>-0.207308</td>\n      <td>0.024243</td>\n      <td>-0.064770</td>\n      <td>-0.027101</td>\n      <td>0.060967</td>\n      <td>-0.040890</td>\n    </tr>\n    <tr>\n      <th>AC</th>\n      <td>-0.168767</td>\n      <td>0.031170</td>\n      <td>-0.031510</td>\n      <td>-0.014921</td>\n      <td>-0.429854</td>\n      <td>0.527095</td>\n      <td>-0.285751</td>\n      <td>0.302527</td>\n      <td>-0.339264</td>\n      <td>1.000000</td>\n      <td>0.007635</td>\n      <td>-0.139518</td>\n      <td>0.196349</td>\n      <td>-0.188978</td>\n      <td>0.128727</td>\n      <td>-0.041859</td>\n      <td>-0.109048</td>\n      <td>-0.045141</td>\n    </tr>\n    <tr>\n      <th>HF</th>\n      <td>-0.013768</td>\n      <td>0.073180</td>\n      <td>-0.034619</td>\n      <td>0.075451</td>\n      <td>-0.141764</td>\n      <td>0.166783</td>\n      <td>-0.116521</td>\n      <td>0.110245</td>\n      <td>-0.051371</td>\n      <td>0.007635</td>\n      <td>1.000000</td>\n      <td>0.112617</td>\n      <td>0.295740</td>\n      <td>0.117182</td>\n      <td>0.027536</td>\n      <td>-0.033700</td>\n      <td>-0.052076</td>\n      <td>-0.133526</td>\n    </tr>\n    <tr>\n      <th>AF</th>\n      <td>-0.026539</td>\n      <td>-0.042929</td>\n      <td>0.049099</td>\n      <td>-0.005169</td>\n      <td>0.120665</td>\n      <td>-0.120421</td>\n      <td>-0.005255</td>\n      <td>0.008228</td>\n      <td>0.072326</td>\n      <td>-0.139518</td>\n      <td>0.112617</td>\n      <td>1.000000</td>\n      <td>0.093175</td>\n      <td>0.391022</td>\n      <td>-0.037655</td>\n      <td>0.097046</td>\n      <td>0.031650</td>\n      <td>-0.005610</td>\n    </tr>\n    <tr>\n      <th>HY</th>\n      <td>-0.132962</td>\n      <td>0.098773</td>\n      <td>-0.063564</td>\n      <td>0.074249</td>\n      <td>-0.207727</td>\n      <td>0.219603</td>\n      <td>-0.187820</td>\n      <td>0.136813</td>\n      <td>-0.207308</td>\n      <td>0.196349</td>\n      <td>0.295740</td>\n      <td>0.093175</td>\n      <td>1.000000</td>\n      <td>0.157528</td>\n      <td>-0.037449</td>\n      <td>0.014474</td>\n      <td>-0.072197</td>\n      <td>-0.086873</td>\n    </tr>\n    <tr>\n      <th>AY</th>\n      <td>0.020738</td>\n      <td>0.052354</td>\n      <td>0.050446</td>\n      <td>0.100570</td>\n      <td>0.121007</td>\n      <td>-0.066762</td>\n      <td>0.008468</td>\n      <td>-0.036625</td>\n      <td>0.024243</td>\n      <td>-0.188978</td>\n      <td>0.117182</td>\n      <td>0.391022</td>\n      <td>0.157528</td>\n      <td>1.000000</td>\n      <td>0.046624</td>\n      <td>-0.030456</td>\n      <td>0.004976</td>\n      <td>-0.077138</td>\n    </tr>\n    <tr>\n      <th>HR</th>\n      <td>-0.060999</td>\n      <td>0.121406</td>\n      <td>0.062311</td>\n      <td>0.098608</td>\n      <td>-0.201003</td>\n      <td>0.112489</td>\n      <td>-0.173722</td>\n      <td>0.144365</td>\n      <td>-0.064770</td>\n      <td>0.128727</td>\n      <td>0.027536</td>\n      <td>-0.037655</td>\n      <td>-0.037449</td>\n      <td>0.046624</td>\n      <td>1.000000</td>\n      <td>0.060656</td>\n      <td>-0.154383</td>\n      <td>-0.053514</td>\n    </tr>\n    <tr>\n      <th>AR</th>\n      <td>0.041527</td>\n      <td>-0.008788</td>\n      <td>0.073454</td>\n      <td>0.008354</td>\n      <td>-0.008490</td>\n      <td>-0.023679</td>\n      <td>-0.031532</td>\n      <td>0.121537</td>\n      <td>-0.027101</td>\n      <td>-0.041859</td>\n      <td>-0.033700</td>\n      <td>0.097046</td>\n      <td>0.014474</td>\n      <td>-0.030456</td>\n      <td>0.060656</td>\n      <td>1.000000</td>\n      <td>0.049863</td>\n      <td>0.014310</td>\n    </tr>\n    <tr>\n      <th>FT_encoded</th>\n      <td>0.703611</td>\n      <td>-0.629343</td>\n      <td>0.474845</td>\n      <td>-0.396468</td>\n      <td>0.283275</td>\n      <td>-0.248715</td>\n      <td>0.441531</td>\n      <td>-0.431561</td>\n      <td>0.060967</td>\n      <td>-0.109048</td>\n      <td>-0.052076</td>\n      <td>0.031650</td>\n      <td>-0.072197</td>\n      <td>0.004976</td>\n      <td>-0.154383</td>\n      <td>0.049863</td>\n      <td>1.000000</td>\n      <td>0.643375</td>\n    </tr>\n    <tr>\n      <th>HT_encoded</th>\n      <td>0.535038</td>\n      <td>-0.492502</td>\n      <td>0.624791</td>\n      <td>-0.633326</td>\n      <td>0.164673</td>\n      <td>-0.156163</td>\n      <td>0.345748</td>\n      <td>-0.318183</td>\n      <td>-0.040890</td>\n      <td>-0.045141</td>\n      <td>-0.133526</td>\n      <td>-0.005610</td>\n      <td>-0.086873</td>\n      <td>-0.077138</td>\n      <td>-0.053514</td>\n      <td>0.014310</td>\n      <td>0.643375</td>\n      <td>1.000000</td>\n    </tr>\n  </tbody>\n</table>\n</div>", "text/plain": "                FTHG      FTAG      HTHG      HTAG        HS        AS  \\\nFTHG        1.000000 -0.167997  0.739448 -0.056106  0.318988 -0.191386   \nFTAG       -0.167997  1.000000 -0.064970  0.693411 -0.187031  0.281652   \nHTHG        0.739448 -0.064970  1.000000  0.040572  0.170286 -0.040958   \nHTAG       -0.056106  0.693411  0.040572  1.000000 -0.059918  0.147600   \nHS          0.318988 -0.187031  0.170286 -0.059918  1.000000 -0.458778   \nAS         -0.191386  0.281652 -0.040958  0.147600 -0.458778  1.000000   \nHST         0.629432 -0.128492  0.421070 -0.046595  0.675895 -0.248500   \nAST        -0.205383  0.529567 -0.094557  0.340307 -0.312503  0.625478   \nHC          0.036251 -0.183598 -0.155622 -0.098169  0.559914 -0.407822   \nAC         -0.168767  0.031170 -0.031510 -0.014921 -0.429854  0.527095   \nHF         -0.013768  0.073180 -0.034619  0.075451 -0.141764  0.166783   \nAF         -0.026539 -0.042929  0.049099 -0.005169  0.120665 -0.120421   \nHY         -0.132962  0.098773 -0.063564  0.074249 -0.207727  0.219603   \nAY          0.020738  0.052354  0.050446  0.100570  0.121007 -0.066762   \nHR         -0.060999  0.121406  0.062311  0.098608 -0.201003  0.112489   \nAR          0.041527 -0.008788  0.073454  0.008354 -0.008490 -0.023679   \nFT_encoded  0.703611 -0.629343  0.474845 -0.396468  0.283275 -0.248715   \nHT_encoded  0.535038 -0.492502  0.624791 -0.633326  0.164673 -0.156163   \n\n                 HST       AST        HC        AC        HF        AF  \\\nFTHG        0.629432 -0.205383  0.036251 -0.168767 -0.013768 -0.026539   \nFTAG       -0.128492  0.529567 -0.183598  0.031170  0.073180 -0.042929   \nHTHG        0.421070 -0.094557 -0.155622 -0.031510 -0.034619  0.049099   \nHTAG       -0.046595  0.340307 -0.098169 -0.014921  0.075451 -0.005169   \nHS          0.675895 -0.312503  0.559914 -0.429854 -0.141764  0.120665   \nAS         -0.248500  0.625478 -0.407822  0.527095  0.166783 -0.120421   \nHST         1.000000 -0.175144  0.301347 -0.285751 -0.116521 -0.005255   \nAST        -0.175144  1.000000 -0.284909  0.302527  0.110245  0.008228   \nHC          0.301347 -0.284909  1.000000 -0.339264 -0.051371  0.072326   \nAC         -0.285751  0.302527 -0.339264  1.000000  0.007635 -0.139518   \nHF         -0.116521  0.110245 -0.051371  0.007635  1.000000  0.112617   \nAF         -0.005255  0.008228  0.072326 -0.139518  0.112617  1.000000   \nHY         -0.187820  0.136813 -0.207308  0.196349  0.295740  0.093175   \nAY          0.008468 -0.036625  0.024243 -0.188978  0.117182  0.391022   \nHR         -0.173722  0.144365 -0.064770  0.128727  0.027536 -0.037655   \nAR         -0.031532  0.121537 -0.027101 -0.041859 -0.033700  0.097046   \nFT_encoded  0.441531 -0.431561  0.060967 -0.109048 -0.052076  0.031650   \nHT_encoded  0.345748 -0.318183 -0.040890 -0.045141 -0.133526 -0.005610   \n\n                  HY        AY        HR        AR  FT_encoded  HT_encoded  \nFTHG       -0.132962  0.020738 -0.060999  0.041527    0.703611    0.535038  \nFTAG        0.098773  0.052354  0.121406 -0.008788   -0.629343   -0.492502  \nHTHG       -0.063564  0.050446  0.062311  0.073454    0.474845    0.624791  \nHTAG        0.074249  0.100570  0.098608  0.008354   -0.396468   -0.633326  \nHS         -0.207727  0.121007 -0.201003 -0.008490    0.283275    0.164673  \nAS          0.219603 -0.066762  0.112489 -0.023679   -0.248715   -0.156163  \nHST        -0.187820  0.008468 -0.173722 -0.031532    0.441531    0.345748  \nAST         0.136813 -0.036625  0.144365  0.121537   -0.431561   -0.318183  \nHC         -0.207308  0.024243 -0.064770 -0.027101    0.060967   -0.040890  \nAC          0.196349 -0.188978  0.128727 -0.041859   -0.109048   -0.045141  \nHF          0.295740  0.117182  0.027536 -0.033700   -0.052076   -0.133526  \nAF          0.093175  0.391022 -0.037655  0.097046    0.031650   -0.005610  \nHY          1.000000  0.157528 -0.037449  0.014474   -0.072197   -0.086873  \nAY          0.157528  1.000000  0.046624 -0.030456    0.004976   -0.077138  \nHR         -0.037449  0.046624  1.000000  0.060656   -0.154383   -0.053514  \nAR          0.014474 -0.030456  0.060656  1.000000    0.049863    0.014310  \nFT_encoded -0.072197  0.004976 -0.154383  0.049863    1.000000    0.643375  \nHT_encoded -0.086873 -0.077138 -0.053514  0.014310    0.643375    1.000000  "}, "output_type": "execute_result"}], "source": "df_data_2.corr()"}, {"source": "From the table above, we can see that the number of goals scored by the home teams and away teams at full time (FTHG and FTAG) are highly correlated with the full time results (FT_encoded). We can also see that the number of shots on target (HST and AST) are highly correlated with the full time results. This is expected, and we will later use these features to evaluate team performance.\n\nAnother interesting observation is that the number of goals scored by home teams and away teams at half time (HTHG and HTAG) are slightly correlated with the full time results (FT_encoded). This is also expected. If the goal difference at half time is very large, then the outcome of the game is mostly decided.\n\nOther features such as the number of fouls, number of corners, number of yellow cards and number of red cards are very weakly correlated with the full time results, thus we can remove those features.", "cell_type": "markdown", "metadata": {}}, {"execution_count": 7, "cell_type": "code", "metadata": {}, "outputs": [], "source": "#Removing Irrelevant features\ndf_data_clean = df_data_2.drop(columns=['HS','AS','HF', 'AF','HC','AC','HY','AY','HR','AR'])"}, {"execution_count": 8, "cell_type": "code", "metadata": {}, "outputs": [{"execution_count": 8, "metadata": {}, "data": {"text/html": "<div>\n<style scoped>\n    .dataframe tbody tr th:only-of-type {\n        vertical-align: middle;\n    }\n\n    .dataframe tbody tr th {\n        vertical-align: top;\n    }\n\n    .dataframe thead th {\n        text-align: right;\n    }\n</style>\n<table border=\"1\" class=\"dataframe\">\n  <thead>\n    <tr style=\"text-align: right;\">\n      <th></th>\n      <th>Date</th>\n      <th>HomeTeam</th>\n      <th>AwayTeam</th>\n      <th>FTHG</th>\n      <th>FTAG</th>\n      <th>FTR</th>\n      <th>HTHG</th>\n      <th>HTAG</th>\n      <th>HTR</th>\n      <th>HST</th>\n      <th>AST</th>\n      <th>FT_encoded</th>\n      <th>HT_encoded</th>\n    </tr>\n  </thead>\n  <tbody>\n    <tr>\n      <th>0</th>\n      <td>2018-10-08</td>\n      <td>Man United</td>\n      <td>Leicester</td>\n      <td>2</td>\n      <td>1</td>\n      <td>H</td>\n      <td>1</td>\n      <td>0</td>\n      <td>H</td>\n      <td>6</td>\n      <td>4</td>\n      <td>2</td>\n      <td>2</td>\n    </tr>\n    <tr>\n      <th>1</th>\n      <td>2018-11-08</td>\n      <td>Bournemouth</td>\n      <td>Cardiff</td>\n      <td>2</td>\n      <td>0</td>\n      <td>H</td>\n      <td>1</td>\n      <td>0</td>\n      <td>H</td>\n      <td>4</td>\n      <td>1</td>\n      <td>2</td>\n      <td>2</td>\n    </tr>\n    <tr>\n      <th>2</th>\n      <td>2018-11-08</td>\n      <td>Fulham</td>\n      <td>Crystal Palace</td>\n      <td>0</td>\n      <td>2</td>\n      <td>A</td>\n      <td>0</td>\n      <td>1</td>\n      <td>A</td>\n      <td>6</td>\n      <td>9</td>\n      <td>0</td>\n      <td>0</td>\n    </tr>\n    <tr>\n      <th>3</th>\n      <td>2018-11-08</td>\n      <td>Huddersfield</td>\n      <td>Chelsea</td>\n      <td>0</td>\n      <td>3</td>\n      <td>A</td>\n      <td>0</td>\n      <td>2</td>\n      <td>A</td>\n      <td>1</td>\n      <td>4</td>\n      <td>0</td>\n      <td>0</td>\n    </tr>\n    <tr>\n      <th>4</th>\n      <td>2018-11-08</td>\n      <td>Newcastle</td>\n      <td>Tottenham</td>\n      <td>1</td>\n      <td>2</td>\n      <td>A</td>\n      <td>1</td>\n      <td>2</td>\n      <td>A</td>\n      <td>2</td>\n      <td>5</td>\n      <td>0</td>\n      <td>0</td>\n    </tr>\n  </tbody>\n</table>\n</div>", "text/plain": "        Date      HomeTeam        AwayTeam  FTHG  FTAG FTR  HTHG  HTAG HTR  \\\n0 2018-10-08    Man United       Leicester     2     1   H     1     0   H   \n1 2018-11-08   Bournemouth         Cardiff     2     0   H     1     0   H   \n2 2018-11-08        Fulham  Crystal Palace     0     2   A     0     1   A   \n3 2018-11-08  Huddersfield         Chelsea     0     3   A     0     2   A   \n4 2018-11-08     Newcastle       Tottenham     1     2   A     1     2   A   \n\n   HST  AST  FT_encoded  HT_encoded  \n0    6    4           2           2  \n1    4    1           2           2  \n2    6    9           0           0  \n3    1    4           0           0  \n4    2    5           0           0  "}, "output_type": "execute_result"}], "source": "df_data_clean.head()"}, {"source": "We will remove the irrelevant features for the data from other seasons during the extract, transform, load (ETL) phase of data processing. ", "cell_type": "markdown", "metadata": {}}, {"execution_count": null, "cell_type": "code", "metadata": {}, "outputs": [], "source": ""}], "metadata": {"kernelspec": {"display_name": "Python 3.5 with Spark 2.1", "name": "python3-spark21", "language": "python"}, "language_info": {"mimetype": "text/x-python", "nbconvert_exporter": "python", "version": "3.5.4", "name": "python", "file_extension": ".py", "pygments_lexer": "ipython3", "codemirror_mode": {"version": 3, "name": "ipython"}}}, "nbformat": 4}